148
659 2
494 1
523 1
587 2
523 1
494 1
440 2
440 1
523 1
659 2
587 1
523 1
494 3
523 1
587 2
659 2
523 2
440 2
440 1
0 2.5
587 2
698 1
880 2
784 1
698 1
659 3
523 1
659 2
587 1
523 1
494 2
494 1
523 1
587 2
659 2
523 2
440 2
440 2
0 2
659 2
494 1
523 1
587 2
523 1
494 1
440 2
440 1
523 1
659 2
587 1
523 1
494 3
523 1
587 2
659 2
523 2
440 2
440 1
0 2.5
587 2
698 1
880 2
784 1
698 1
659 3
523 1
659 2
587 1
523 1
494 2
494 1
523 1
587 2
659 2
523 2
440 2
440 2
0 2
659 4
523 4
587 4
494 4
523 4
440 4
415 4
494 3
0 1
659 4
523 4
587 4
494 4
523 2
659 2
880 4
831 4
0 4